def transpose(matrix)
  new_matrix = []

  matrix[0].length.times do |index1|
    new_matrix << []
    matrix.length.times do |index2|
      new_matrix[index1][index2] = matrix[index2][index1]
    end
  end

  new_matrix
end

def rotate90(matrix)
  new_matrix = []

  matrix[0].length.times do |index1|
    new_matrix << []
    matrix.length.times do |index2|
      new_matrix[index1][index2] = matrix[-index2.next][index1]
    end
  end

  new_matrix
end


matrix = [
  [1, 5, 8],
  [4, 7, 2],
  [3, 9, 6]
]

new_matrix = transpose(matrix)

p new_matrix == [[1, 4, 3], [5, 7, 9], [8, 2, 6]]
p matrix == [[1, 5, 8], [4, 7, 2], [3, 9, 6]]

p transpose([[1, 2, 3, 4]]) == [[1], [2], [3], [4]]
p transpose([[1], [2], [3], [4]]) == [[1, 2, 3, 4]]
p transpose([[1, 2, 3, 4, 5], [4, 3, 2, 1, 0], [3, 7, 8, 6, 2]]) ==
  [[1, 4, 3], [2, 3, 7], [3, 2, 8], [4, 1, 6], [5, 0, 2]]
p transpose([[1]]) == [[1]]

matrix1 = [
  [1, 5, 8],
  [4, 7, 2],
  [3, 9, 6]
]

matrix2 = [
  [3, 7, 4, 2],
  [5, 1, 0, 8]
]

new_matrix1 = rotate90(matrix1)
new_matrix2 = rotate90(matrix2)
new_matrix3 = rotate90(rotate90(rotate90(rotate90(matrix2))))

p new_matrix1 == [[3, 4, 1], [9, 7, 5], [6, 2, 8]]
p new_matrix2 == [[5, 3], [1, 7], [0, 4], [8, 2]]
p new_matrix3 == matrix2